"time"	"CO"	"PV"
0.0	2.0	11.89
30.0	2.0	11.89
60.0	2.0	11.89
90.0	2.0	11.89
120.0	2.0	11.88
150.0	2.0	11.88
180.0	2.0	11.88
210.0	2.0	11.88
240.0	2.0	11.88
270.0	2.0	11.87
300.0	2.0	11.87
330.0	2.0	11.87
360.0	2.0	11.87
390.0	2.0	11.87
420.0	2.0	11.87
450.0	2.0	11.87
480.0	2.0	11.87
510.0	2.0	11.87
540.0	2.0	11.87
570.0	2.0	11.87
600.0	2.0	11.87
630.0	2.0	11.87
660.0	2.0	11.87
690.0	2.0	11.87
720.0	2.0	11.87
750.0	2.0	11.87
780.0	2.0	11.87
810.0	2.0	11.87
840.0	2.0	11.86
870.0	0.0	11.86
900.0	0.0	11.86
930.0	0.0	11.86
960.0	0.0	11.87
990.0	0.0	11.86
1020.0	0.0	11.86
1050.0	0.0	11.86
1080.0	0.0	11.86
1110.0	0.0	11.86
1140.0	0.0	11.86
1170.0	0.0	11.87
1200.0	0.0	11.86
1230.0	0.0	11.87
1260.0	0.0	11.87
1290.0	0.0	11.87
1320.0	0.0	11.87
1350.0	0.0	11.87
1380.0	0.0	11.87
1410.0	0.0	11.87
1440.0	0.0	11.87
1470.0	0.0	11.87
1500.0	0.0	11.87
1530.0	0.0	11.87
1560.0	0.0	11.87
1590.0	0.0	11.87
1620.0	0.0	11.87
1650.0	0.0	11.87
1680.0	0.0	11.87
1710.0	0.0	11.87
1740.0	0.0	11.87
1770.0	0.0	11.88
1800.0	0.0	11.87
1830.0	0.0	11.88
1860.0	0.0	11.88
1890.0	0.0	11.88
1920.0	0.0	11.88
1950.0	0.0	11.88
1980.0	0.0	11.88
2010.0	0.0	11.88
2040.0	0.0	11.89
2070.0	0.0	11.89
2100.0	0.0	11.89
2130.0	0.0	11.89
2160.0	0.0	11.89
2190.0	0.0	11.89
2220.0	0.0	11.89
2250.0	0.0	11.89
2280.0	0.0	11.89
2310.0	0.0	11.89
2340.0	0.0	11.89
2370.0	0.0	11.89
2400.0	0.0	11.89
2430.0	0.0	11.89
2460.0	0.0	11.89
2490.0	0.0	11.9
2520.0	0.0	11.9
2550.0	0.0	11.9
2580.0	0.0	11.9
2610.0	0.0	11.9
2640.0	0.0	11.9
2670.0	0.0	11.9
2700.0	0.0	11.9
2730.0	0.0	11.9
2760.0	0.0	11.9
2790.0	0.0	11.9
2820.0	0.0	11.9
2850.0	0.0	11.9
2880.0	0.0	11.9
2910.0	0.0	11.9
2940.0	0.0	11.9
2970.0	0.0	11.91
3000.0	0.0	11.91
3030.0	0.0	11.91
3060.0	0.0	11.91
3090.0	0.0	11.91
3120.0	0.0	11.91
3150.0	0.0	11.91
3180.0	0.0	11.91
3210.0	0.0	11.91
3240.0	0.0	11.91
3270.0	0.0	11.91
3300.0	0.0	11.91
3330.0	0.0	11.92
3360.0	0.0	11.92
3390.0	0.0	11.92
3420.0	0.0	11.92
3450.0	0.0	11.93
3480.0	0.0	11.93
3510.0	0.0	11.93
3540.0	0.0	11.93
3570.0	0.0	11.93
3600.0	0.0	11.93
3630.0	0.0	11.93
3660.0	0.0	11.93
3690.0	0.0	11.93
3720.0	0.0	11.93
3750.0	0.0	11.93
3780.0	0.0	11.93
3810.0	0.0	11.94
3840.0	0.0	11.94
3870.0	0.0	11.94
3900.0	0.0	11.94
3930.0	0.0	11.94
3960.0	0.0	11.94
3990.0	0.0	11.94
4020.0	0.0	11.94
4050.0	0.0	11.94
4080.0	0.0	11.94
4110.0	0.0	11.94
4140.0	0.0	11.94
4170.0	0.0	11.94
4200.0	0.0	11.94
4230.0	0.0	11.94
4260.0	0.0	11.95
4290.0	0.0	11.95
4320.0	0.0	11.95
4350.0	0.0	11.95
4380.0	0.0	11.95
4410.0	0.0	11.95
4440.0	0.0	11.95
4470.0	0.0	11.95
4500.0	0.0	11.95
4530.0	0.0	11.95
4560.0	0.0	11.95
4590.0	0.0	11.95
4620.0	0.0	11.95
4650.0	0.0	11.95
4680.0	0.0	11.95
4710.0	0.0	11.96
4740.0	0.0	11.96
4770.0	0.0	11.96
4800.0	0.0	11.96
4830.0	0.0	11.96
4860.0	0.0	11.96
4890.0	0.0	11.97
4920.0	0.0	11.97
4950.0	0.0	11.97
4980.0	0.0	11.97
5010.0	0.0	11.97
5040.0	0.0	11.97
5070.0	0.0	11.97
5100.0	0.0	11.97
5250.0	0.0	11.97
5280.0	0.0	11.97
5310.0	0.0	11.97
5340.0	0.0	11.97
5370.0	0.0	11.97
5400.0	0.0	11.97
5430.0	0.0	11.97
5460.0	0.0	11.97
5490.0	0.0	11.98
5520.0	0.0	11.98
5550.0	0.0	11.98
5580.0	0.0	11.98
5610.0	0.0	11.98
5640.0	0.0	11.98
5670.0	0.0	11.98
5700.0	0.0	11.98
5730.0	0.0	11.98
5760.0	0.0	11.98
5790.0	0.0	11.98
5820.0	0.0	11.98
5850.0	0.0	11.99
5880.0	0.0	11.99
5910.0	0.0	11.99
5940.0	0.0	11.99
5970.0	0.0	11.99
6000.0	0.0	11.99
6030.0	0.0	11.99
6060.0	0.0	11.99
6090.0	0.0	11.99
6120.0	0.0	11.99
6150.0	0.0	11.99
6180.0	0.0	11.99
6210.0	0.0	11.99
6240.0	0.0	12.0
6270.0	0.0	11.99
6300.0	0.0	12.0
6330.0	0.0	12.0
6360.0	0.0	12.0
6390.0	0.0	12.0
6420.0	0.0	12.01
6450.0	0.0	12.01
6480.0	0.0	12.01
6510.0	0.0	12.01
6540.0	0.0	12.01
6570.0	0.0	12.01
6600.0	0.0	12.01
6630.0	0.0	12.02
6660.0	0.0	12.02
6690.0	0.0	12.02
6720.0	0.0	12.02
6750.0	0.0	12.02
6780.0	0.0	12.02
6810.0	0.0	12.02
6840.0	0.0	12.02
6870.0	0.0	12.02
6900.0	0.0	12.02
6930.0	0.0	12.02
6960.0	0.0	12.02
6990.0	0.0	12.02
7020.0	0.0	12.03
7050.0	0.0	12.03
7080.0	0.0	12.03
7110.0	0.0	12.03
7140.0	0.0	12.03
7170.0	0.0	12.03
7200.0	0.0	12.03
7230.0	0.0	12.03
7260.0	0.0	12.03
7290.0	0.0	12.03
7320.0	0.0	12.03
7350.0	0.0	12.03
7380.0	0.0	12.03
7410.0	1.0	12.03
7440.0	0.0	12.04
7470.0	0.0	12.04
7500.0	0.0	12.04
7530.0	0.0	12.04
7560.0	0.0	12.04
7590.0	1.0	12.04
7620.0	1.0	12.04
7650.0	1.0	12.05
7680.0	1.0	12.05
7710.0	1.0	12.05
7740.0	1.0	12.05
7770.0	1.0	12.05
7800.0	1.0	12.05
7830.0	1.0	12.05
7860.0	1.0	12.05
7890.0	1.0	12.05
7920.0	1.0	12.05
7950.0	1.0	12.05
7980.0	1.0	12.05
8010.0	1.0	12.05
8040.0	1.0	12.06
8070.0	1.0	12.06
8100.0	1.0	12.06
8130.0	1.0	12.06
8160.0	1.0	12.06
8190.0	1.0	12.06
8220.0	1.0	12.06
8250.0	1.0	12.06
8280.0	1.0	12.06
8310.0	1.0	12.06
8340.0	1.0	12.06
8370.0	1.0	12.06
8400.0	1.0	12.06
8430.0	1.0	12.06
8460.0	1.0	12.06
8490.0	1.0	12.06
8520.0	1.0	12.06
8550.0	1.0	12.06
8580.0	1.0	12.06
8610.0	1.0	12.06
8640.0	1.0	12.06
8670.0	1.0	12.06
8700.0	1.0	12.06
8730.0	1.0	12.06
8760.0	1.0	12.06
8790.0	1.0	12.06
8820.0	1.0	12.07
8850.0	1.0	12.06
8880.0	1.0	12.07
8910.0	1.0	12.07
8940.0	2.0	12.07
8970.0	2.0	12.07
9000.0	2.0	12.07
9030.0	2.0	12.07
9060.0	2.0	12.07
9090.0	2.0	12.07
9120.0	2.0	12.07
9150.0	2.0	12.07
9180.0	2.0	12.07
9210.0	2.0	12.07
9240.0	2.0	12.07
9270.0	2.0	12.07
9300.0	2.0	12.07
9330.0	2.0	12.07
9360.0	2.0	12.07
9390.0	2.0	12.07
9420.0	2.0	12.08
9450.0	2.0	12.07
9480.0	2.0	12.08
9510.0	2.0	12.07
9540.0	2.0	12.08
9570.0	2.0	12.08
9600.0	2.0	12.08
9630.0	2.0	12.08
9660.0	2.0	12.08
9690.0	2.0	12.08
9720.0	2.0	12.08
9750.0	2.0	12.08
9780.0	2.0	12.08
9810.0	2.0	12.08
9840.0	2.0	12.08
9870.0	2.0	12.09
9900.0	2.0	12.08
9930.0	2.0	12.09
9960.0	2.0	12.09
9990.0	2.0	12.09
10020.0	2.0	12.09
10050.0	2.0	12.09
10080.0	2.0	12.09
10110.0	2.0	12.09
10140.0	3.0	12.09
10170.0	3.0	12.09
10200.0	3.0	12.09
10230.0	3.0	12.09
10260.0	3.0	12.09
10290.0	3.0	12.09
10320.0	3.0	12.09
10350.0	3.0	12.09
10380.0	3.0	12.09
10410.0	3.0	12.09
10440.0	3.0	12.09
10470.0	3.0	12.09
10500.0	3.0	12.09
10530.0	3.0	12.09
10560.0	3.0	12.09
10590.0	3.0	12.09
10620.0	3.0	12.09
10650.0	3.0	12.09
10680.0	3.0	12.09
10710.0	3.0	12.1
10740.0	3.0	12.09
10770.0	3.0	12.1
10800.0	3.0	12.09
10830.0	3.0	12.09
10860.0	3.0	12.09
10890.0	3.0	12.09
10920.0	3.0	12.1
10950.0	3.0	12.09
10980.0	3.0	12.1
11010.0	3.0	12.1
11040.0	3.0	12.09
11070.0	3.0	12.1
11100.0	3.0	12.09
11130.0	3.0	12.09
11160.0	3.0	12.1
11190.0	4.0	12.1
11220.0	4.0	12.09
11250.0	4.0	12.1
11280.0	4.0	12.1
11310.0	4.0	12.1
11340.0	4.0	12.09
11370.0	4.0	12.1
11400.0	4.0	12.1
11430.0	4.0	12.1
11460.0	4.0	12.1
11490.0	4.0	12.1
11520.0	4.0	12.1
11550.0	4.0	12.1
11580.0	4.0	12.1
11610.0	4.0	12.1
11640.0	4.0	12.1
11670.0	4.0	12.1
11700.0	4.0	12.1
11730.0	4.0	12.1
11760.0	4.0	12.1
11790.0	4.0	12.1
11820.0	4.0	12.1
11850.0	4.0	12.1
11880.0	4.0	12.1
11910.0	4.0	12.1
11940.0	4.0	12.1
11970.0	4.0	12.1
12000.0	4.0	12.1
12030.0	4.0	12.1
12060.0	4.0	12.1
12090.0	5.0	12.1
12120.0	5.0	12.1
12150.0	5.0	12.1
12180.0	5.0	12.1
12210.0	5.0	12.1
12240.0	5.0	12.1
12270.0	5.0	12.1
12300.0	5.0	12.1
12330.0	5.0	12.1
12360.0	5.0	12.1
12390.0	5.0	12.1
12420.0	5.0	12.1
12450.0	5.0	12.09
12480.0	5.0	12.09
12510.0	5.0	12.1
12540.0	5.0	12.09
12570.0	5.0	12.09
12600.0	5.0	12.09
12630.0	5.0	12.09
12660.0	5.0	12.09
12690.0	5.0	12.09
12720.0	5.0	12.09
12750.0	5.0	12.09
12780.0	5.0	12.09
12810.0	5.0	12.09
12840.0	5.0	12.09
12870.0	5.0	12.09
12900.0	5.0	12.09
12930.0	5.0	12.09
12960.0	5.0	12.09
12990.0	5.0	12.08
13020.0	5.0	12.08
13050.0	5.0	12.08
13080.0	5.0	12.08
13110.0	5.0	12.07
13140.0	5.0	12.07
13170.0	5.0	12.07
13200.0	5.0	12.07
13230.0	5.0	12.07
13260.0	5.0	12.07
13290.0	5.0	12.07
13320.0	5.0	12.07
13350.0	6.0	12.07
13380.0	6.0	12.06
13410.0	6.0	12.06
13440.0	6.0	12.06
13470.0	6.0	12.06
13500.0	6.0	12.06
13530.0	6.0	12.06
13560.0	6.0	12.06
13590.0	6.0	12.06
13620.0	6.0	12.06
13650.0	6.0	12.06
13680.0	6.0	12.06
13710.0	6.0	12.06
13740.0	6.0	12.06
13770.0	6.0	12.06
13800.0	6.0	12.06
13830.0	6.0	12.06
13860.0	6.0	12.06
13890.0	6.0	12.06
13920.0	6.0	12.06
13950.0	6.0	12.06
13980.0	6.0	12.06
14010.0	6.0	12.06
14040.0	6.0	12.06
14070.0	6.0	12.06
14100.0	6.0	12.06
14130.0	6.0	12.06
14160.0	6.0	12.06
14190.0	6.0	12.06
14220.0	6.0	12.06
14250.0	6.0	12.06
14280.0	6.0	12.06
14310.0	6.0	12.06
14340.0	6.0	12.06
14370.0	6.0	12.06
14400.0	6.0	12.06
14430.0	6.0	12.06
14460.0	6.0	12.06
14490.0	6.0	12.06
14520.0	6.0	12.06
14550.0	6.0	12.06
14580.0	6.0	12.06
14610.0	6.0	12.06
14640.0	6.0	12.06
14670.0	6.0	12.06
14700.0	6.0	12.06
14730.0	6.0	12.06
14760.0	6.0	12.06
14790.0	6.0	12.05
14820.0	6.0	12.05
14850.0	6.0	12.05
14880.0	6.0	12.05
14910.0	7.0	12.05
14940.0	7.0	12.05
14970.0	7.0	12.05
15000.0	7.0	12.06
15030.0	7.0	12.05
15060.0	7.0	12.05
15090.0	7.0	12.05
15120.0	7.0	12.05
15150.0	7.0	12.05
15180.0	7.0	12.05
15210.0	7.0	12.05
15240.0	7.0	12.05
15270.0	7.0	12.05
15300.0	7.0	12.05
15330.0	7.0	12.05
15360.0	7.0	12.05
15390.0	7.0	12.05
15420.0	7.0	12.05
15450.0	7.0	12.05
15480.0	7.0	12.04
15510.0	7.0	12.05
15540.0	7.0	12.05
15570.0	7.0	12.05
15600.0	7.0	12.04
15630.0	7.0	12.04
15660.0	7.0	12.04
15690.0	7.0	12.04
15720.0	7.0	12.04
15750.0	7.0	12.04
15780.0	7.0	12.04
15810.0	7.0	12.03
15840.0	7.0	12.04
15870.0	7.0	12.04
15900.0	7.0	12.04
15930.0	7.0	12.04
15960.0	7.0	12.04
15990.0	7.0	12.04
16020.0	7.0	12.03
16050.0	7.0	12.03
16080.0	7.0	12.03
16110.0	7.0	12.03
16140.0	7.0	12.03
16170.0	7.0	12.03
16200.0	7.0	12.03
16230.0	7.0	12.03
16260.0	7.0	12.03
16290.0	7.0	12.03
16320.0	7.0	12.03
16350.0	7.0	12.03
16380.0	7.0	12.03
16410.0	7.0	12.03
16440.0	7.0	12.03
16470.0	7.0	12.03
16500.0	7.0	12.02
16530.0	7.0	12.02
16560.0	7.0	12.02
16590.0	7.0	12.02
16620.0	7.0	12.02
16650.0	7.0	12.02
16680.0	7.0	12.02
16710.0	7.0	12.02
16740.0	7.0	12.02
16770.0	7.0	12.02
16800.0	7.0	12.02
16830.0	7.0	12.02
16860.0	7.0	12.02
16890.0	7.0	12.02
16920.0	7.0	12.02
16950.0	7.0	12.02
16980.0	7.0	12.02
17010.0	7.0	12.01
17040.0	7.0	12.02
17070.0	7.0	12.02
17100.0	7.0	12.01
17130.0	7.0	12.01
17160.0	7.0	12.01
17190.0	7.0	12.01
17220.0	7.0	12.01
17250.0	7.0	12.01
17280.0	7.0	12.01
17310.0	7.0	12.01
17340.0	7.0	12.01
17370.0	7.0	12.0
17400.0	7.0	12.01
17430.0	7.0	12.01
17460.0	7.0	12.01
17490.0	7.0	12.0
17520.0	7.0	12.0
17550.0	7.0	12.0
17580.0	7.0	12.0
17610.0	7.0	12.0
17640.0	7.0	12.0
17670.0	7.0	12.0
17700.0	7.0	11.99
17730.0	7.0	11.99
17760.0	7.0	11.99
17790.0	7.0	11.99
17820.0	7.0	11.99
17850.0	7.0	11.99
17880.0	7.0	11.99
17910.0	7.0	11.99
17940.0	7.0	11.99
17970.0	7.0	11.99
18000.0	7.0	11.99
18030.0	7.0	11.98
18060.0	7.0	11.99
18090.0	7.0	11.99
18120.0	7.0	11.98
18150.0	7.0	11.98
18180.0	7.0	11.99
18210.0	7.0	11.98
18240.0	7.0	11.98
18270.0	7.0	11.98
18300.0	7.0	11.98
18330.0	7.0	11.98
18360.0	7.0	11.98
18390.0	7.0	11.98
18420.0	7.0	11.98
18450.0	7.0	11.98
18480.0	7.0	11.98
18510.0	7.0	11.98
18540.0	7.0	11.98
18570.0	7.0	11.98
18600.0	7.0	11.98
18630.0	7.0	11.97
18660.0	7.0	11.97
18690.0	7.0	11.97
18720.0	7.0	11.97
18750.0	7.0	11.97
18780.0	7.0	11.97
18810.0	7.0	11.97
18840.0	7.0	11.97
18870.0	7.0	11.97
18900.0	7.0	11.97
18930.0	7.0	11.97
18960.0	7.0	11.97
18990.0	7.0	11.97
19020.0	7.0	11.96
19050.0	7.0	11.96
19080.0	7.0	11.96
19110.0	7.0	11.96
19140.0	7.0	11.96
19170.0	7.0	11.96
19200.0	7.0	11.96
19230.0	7.0	11.96
19260.0	7.0	11.96
19290.0	7.0	11.96
19320.0	7.0	11.95
19350.0	7.0	11.96
19380.0	7.0	11.95
19410.0	7.0	11.95
19440.0	7.0	11.96
19470.0	7.0	11.95
19500.0	7.0	11.95
19530.0	7.0	11.95
19560.0	7.0	11.95
19590.0	7.0	11.95
19620.0	7.0	11.95
19650.0	7.0	11.95
19680.0	7.0	11.95
19710.0	7.0	11.95
19740.0	7.0	11.95
19770.0	7.0	11.95
19800.0	7.0	11.95
19830.0	7.0	11.95
19860.0	7.0	11.95
19890.0	7.0	11.95
19920.0	7.0	11.95
19950.0	7.0	11.94
19980.0	7.0	11.94
20010.0	7.0	11.94
20040.0	7.0	11.94
20070.0	7.0	11.94
20100.0	7.0	11.94
20130.0	7.0	11.94
20160.0	7.0	11.94
20190.0	7.0	11.94
20220.0	7.0	11.94
20250.0	7.0	11.94
20280.0	7.0	11.94
20310.0	7.0	11.94
20340.0	7.0	11.94
20370.0	7.0	11.93
20400.0	7.0	11.93
20430.0	7.0	11.93
20460.0	7.0	11.93
20490.0	7.0	11.93
20520.0	7.0	11.93
20550.0	7.0	11.93
20580.0	7.0	11.93
20610.0	7.0	11.93
20640.0	7.0	11.93
20670.0	7.0	11.93
20700.0	7.0	11.93
20730.0	7.0	11.92
20760.0	7.0	11.92
20790.0	7.0	11.92
20820.0	7.0	11.92
20850.0	7.0	11.92
20880.0	7.0	11.92
20910.0	7.0	11.92
20940.0	7.0	11.92
20970.0	7.0	11.92
21000.0	7.0	11.91
21030.0	7.0	11.91
21060.0	7.0	11.91
21090.0	7.0	11.91
21120.0	7.0	11.91
21150.0	7.0	11.91
21180.0	7.0	11.91
21210.0	7.0	11.91
21240.0	7.0	11.91
21270.0	7.0	11.91
21300.0	7.0	11.9
21330.0	7.0	11.9
21360.0	7.0	11.9
21390.0	7.0	11.9
21420.0	7.0	11.9
21450.0	7.0	11.9
21480.0	7.0	11.9
21510.0	7.0	11.9
21540.0	7.0	11.9
21570.0	7.0	11.9
21600.0	7.0	11.9
21630.0	7.0	11.9
21660.0	7.0	11.9
21690.0	7.0	11.9
21720.0	7.0	11.9
21750.0	7.0	11.9
21780.0	7.0	11.9
21810.0	7.0	11.89
21840.0	7.0	11.89
21870.0	7.0	11.89
21900.0	7.0	11.9
21930.0	7.0	11.89
21960.0	7.0	11.89
21990.0	7.0	11.89
22020.0	7.0	11.89
22050.0	7.0	11.89
22080.0	7.0	11.89
22110.0	7.0	11.89
22140.0	7.0	11.89
22170.0	7.0	11.89
22200.0	7.0	11.89
22230.0	7.0	11.88
22260.0	7.0	11.88
22290.0	7.0	11.89
22320.0	7.0	11.89
22350.0	7.0	11.88
22380.0	7.0	11.88
22410.0	7.0	11.88
22440.0	7.0	11.88
22470.0	7.0	11.88
22500.0	7.0	11.87
22530.0	7.0	11.87
22560.0	7.0	11.87
22590.0	7.0	11.87
22620.0	7.0	11.87
22650.0	7.0	11.87
22680.0	7.0	11.87
22710.0	7.0	11.87
22740.0	7.0	11.87
22770.0	7.0	11.86
22800.0	7.0	11.86
22830.0	7.0	11.86
22860.0	7.0	11.86
22890.0	7.0	11.86
22920.0	7.0	11.86
22950.0	7.0	11.86
22980.0	7.0	11.86
23010.0	7.0	11.86
23040.0	7.0	11.86
23070.0	7.0	11.86
23100.0	7.0	11.85
23130.0	7.0	11.85
23160.0	7.0	11.86
23190.0	7.0	11.86
23220.0	7.0	11.85
23250.0	7.0	11.85
23280.0	7.0	11.85
23310.0	7.0	11.85
23340.0	7.0	11.85
23370.0	7.0	11.85
23400.0	7.0	11.85
23430.0	7.0	11.85
23460.0	7.0	11.85
23490.0	7.0	11.85
23520.0	7.0	11.85
23550.0	7.0	11.85
23580.0	7.0	11.84
23610.0	7.0	11.84
23640.0	7.0	11.84
23670.0	7.0	11.84
23700.0	7.0	11.84
23730.0	7.0	11.84
23760.0	7.0	11.84
23790.0	7.0	11.84
23820.0	7.0	11.84
23850.0	7.0	11.84
23880.0	7.0	11.84
23910.0	7.0	11.84
23940.0	7.0	11.83
23970.0	7.0	11.84
24000.0	7.0	11.83
24030.0	7.0	11.83
24060.0	7.0	11.83
24090.0	7.0	11.83
24120.0	7.0	11.82
24150.0	0.0	11.82
24180.0	0.0	11.83
24210.0	0.0	11.82
24240.0	0.0	11.82
24270.0	0.0	11.82
24300.0	0.0	11.82
24330.0	0.0	11.82
24360.0	0.0	11.82
24390.0	0.0	11.82
24420.0	0.0	11.82
24450.0	0.0	11.82
24480.0	0.0	11.82
24510.0	0.0	11.82
24540.0	0.0	11.82
24570.0	0.0	11.82
24600.0	0.0	11.82
24630.0	0.0	11.82
24660.0	0.0	11.82
24690.0	0.0	11.82
24720.0	0.0	11.82
24750.0	0.0	11.82
24780.0	0.0	11.83
24810.0	0.0	11.83
24840.0	0.0	11.83
24870.0	0.0	11.83
24900.0	0.0	11.83
24930.0	0.0	11.83
24960.0	0.0	11.83
24990.0	0.0	11.83
25020.0	0.0	11.83
25050.0	0.0	11.84
25080.0	0.0	11.84
25110.0	0.0	11.84
25140.0	0.0	11.84
25170.0	0.0	11.84
25200.0	0.0	11.84
25230.0	0.0	11.84
25260.0	0.0	11.84
25290.0	0.0	11.84
25320.0	0.0	11.84
25350.0	0.0	11.85
25380.0	0.0	11.85
25410.0	0.0	11.85
25440.0	0.0	11.85
25470.0	0.0	11.85
25500.0	0.0	11.85
25530.0	0.0	11.85
25560.0	0.0	11.85
25590.0	0.0	11.85
25620.0	0.0	11.85
25650.0	0.0	11.86
25680.0	0.0	11.86
25710.0	0.0	11.86
25740.0	0.0	11.86
25770.0	0.0	11.86
25800.0	0.0	11.86
25830.0	0.0	11.86
25860.0	0.0	11.86
25890.0	0.0	11.86
25920.0	0.0	11.86
25950.0	0.0	11.86
25980.0	0.0	11.86
26010.0	0.0	11.86
26040.0	0.0	11.86
26070.0	0.0	11.87
26100.0	0.0	11.87
26130.0	0.0	11.87
26160.0	0.0	11.87
26190.0	0.0	11.87
26220.0	0.0	11.87
26250.0	0.0	11.87
26280.0	0.0	11.87
26310.0	0.0	11.87
26340.0	0.0	11.87
26370.0	0.0	11.87
26400.0	0.0	11.88
26430.0	0.0	11.88
26460.0	0.0	11.88
26490.0	0.0	11.88
26520.0	0.0	11.88
26550.0	0.0	11.88
26580.0	0.0	11.88
26610.0	0.0	11.89
26640.0	0.0	11.89
26670.0	0.0	11.89
26700.0	0.0	11.89
26730.0	0.0	11.89
26760.0	0.0	11.89
26790.0	0.0	11.89
26820.0	0.0	11.89
26850.0	0.0	11.89
26880.0	0.0	11.89
26910.0	0.0	11.89
26940.0	0.0	11.89
26970.0	0.0	11.89
27000.0	0.0	11.89
27030.0	0.0	11.9
27060.0	0.0	11.9
27090.0	0.0	11.9
27120.0	0.0	11.9
27150.0	0.0	11.9
27180.0	0.0	11.9
27210.0	0.0	11.9
27240.0	0.0	11.9
27270.0	0.0	11.9
27300.0	0.0	11.9
27330.0	0.0	11.9
27360.0	0.0	11.91
27390.0	0.0	11.91
27420.0	0.0	11.91
27450.0	0.0	11.91
27480.0	0.0	11.91
27510.0	0.0	11.91
27540.0	0.0	11.91
27570.0	0.0	11.91
27600.0	0.0	11.91
27630.0	0.0	11.91
27660.0	0.0	11.91
27690.0	0.0	11.91
27720.0	0.0	11.91
27750.0	0.0	11.91
27780.0	0.0	11.92
27810.0	0.0	11.92
27840.0	0.0	11.92
27870.0	0.0	11.93
27900.0	0.0	11.93
27930.0	0.0	11.93
27960.0	0.0	11.93
27990.0	0.0	11.93
28020.0	0.0	11.93
28050.0	0.0	11.93
28080.0	0.0	11.93
28110.0	0.0	11.93
28140.0	0.0	11.93
28170.0	0.0	11.93
28200.0	0.0	11.93
28230.0	0.0	11.94
28260.0	0.0	11.94
28290.0	0.0	11.94
28320.0	0.0	11.94
28350.0	0.0	11.94
28380.0	0.0	11.94
28410.0	0.0	11.94
28440.0	0.0	11.94
28470.0	0.0	11.94
28500.0	0.0	11.94
28530.0	0.0	11.94
28560.0	0.0	11.95
28590.0	0.0	11.95
28620.0	0.0	11.95
28650.0	0.0	11.95
28680.0	0.0	11.95
28710.0	0.0	11.95
28740.0	0.0	11.95
28770.0	0.0	11.95
28800.0	0.0	11.95
28830.0	0.0	11.95
28860.0	0.0	11.95
28890.0	0.0	11.95
28920.0	0.0	11.96
28950.0	0.0	11.95
28980.0	0.0	11.96
29010.0	0.0	11.96
29040.0	0.0	11.96
29070.0	0.0	11.96
29100.0	0.0	11.96
29130.0	0.0	11.96
29160.0	0.0	11.97
29190.0	0.0	11.97
29220.0	0.0	11.97
29250.0	0.0	11.97
29280.0	0.0	11.97
29310.0	0.0	11.97
29340.0	0.0	11.97
29370.0	0.0	11.97
29400.0	0.0	11.97
29430.0	0.0	11.97
29460.0	0.0	11.97
29490.0	0.0	11.97
29520.0	0.0	11.98
29550.0	0.0	11.98
29580.0	0.0	11.98
29610.0	0.0	11.98
29640.0	0.0	11.98
29670.0	0.0	11.98
29700.0	0.0	11.98
29730.0	0.0	11.98
29760.0	0.0	11.98
29790.0	0.0	11.98
29820.0	0.0	11.98
29850.0	0.0	11.98
29880.0	0.0	11.98
29910.0	0.0	11.98
29940.0	0.0	11.99
29970.0	0.0	11.99
30000.0	0.0	11.99
30030.0	0.0	11.99
30060.0	0.0	11.99
30090.0	0.0	11.99
30120.0	0.0	11.99
30150.0	0.0	11.99
30180.0	0.0	11.99
30210.0	0.0	11.99
30240.0	0.0	11.99
30270.0	0.0	11.99
30300.0	0.0	11.99
30330.0	0.0	11.99
30360.0	0.0	12.0
30390.0	0.0	11.99
30420.0	0.0	12.0
30450.0	0.0	12.0
30480.0	0.0	12.0
30510.0	0.0	12.0
30540.0	0.0	12.01
30570.0	0.0	12.01
30600.0	0.0	12.01
30630.0	0.0	12.01
30660.0	0.0	12.01
30690.0	0.0	12.01
30720.0	0.0	12.02
30750.0	0.0	12.02
30780.0	0.0	12.02
30810.0	0.0	12.02
30840.0	0.0	12.02
30870.0	0.0	12.02
30900.0	0.0	12.02
30930.0	0.0	12.02
30960.0	0.0	12.02
30990.0	0.0	12.02
31020.0	0.0	12.02
31050.0	0.0	12.02
31080.0	0.0	12.03
31110.0	0.0	12.03
31140.0	0.0	12.03
31170.0	0.0	12.03
31200.0	0.0	12.03
31230.0	0.0	12.03
31260.0	0.0	12.03
31290.0	0.0	12.03
31320.0	0.0	12.03
31350.0	0.0	12.03
31380.0	0.0	12.03
31410.0	0.0	12.03
31440.0	0.0	12.03
31470.0	0.0	12.03
31500.0	0.0	12.03
31530.0	0.0	12.03
31560.0	1.0	12.03
31590.0	1.0	12.04
31620.0	0.0	12.04
31650.0	1.0	12.04
31680.0	1.0	12.05
31710.0	1.0	12.05
31740.0	1.0	12.05
31770.0	1.0	12.05
31800.0	1.0	12.05
31830.0	1.0	12.05
31860.0	1.0	12.05
31890.0	1.0	12.05
31920.0	1.0	12.05
31950.0	1.0	12.05
31980.0	1.0	12.05
32010.0	1.0	12.05
32040.0	1.0	12.06
32070.0	1.0	12.06
32100.0	1.0	12.06
32130.0	1.0	12.06
32160.0	1.0	12.06
32190.0	1.0	12.06
32220.0	1.0	12.06
32250.0	1.0	12.06
32280.0	1.0	12.06
32310.0	1.0	12.06
32340.0	1.0	12.06
32370.0	1.0	12.06
32400.0	1.0	12.06
32430.0	1.0	12.06
32460.0	1.0	12.06
32490.0	1.0	12.06
32520.0	1.0	12.06
32550.0	1.0	12.06
32580.0	1.0	12.06
32610.0	1.0	12.06
32640.0	1.0	12.06
32670.0	1.0	12.06
32700.0	1.0	12.07
32730.0	1.0	12.07
32760.0	1.0	12.07
32790.0	1.0	12.07
32820.0	1.0	12.07
32850.0	1.0	12.07
32880.0	1.0	12.07
32910.0	1.0	12.07
32940.0	1.0	12.07
32970.0	1.0	12.07
33000.0	1.0	12.07
33030.0	1.0	12.07
33060.0	2.0	12.07
33090.0	2.0	12.07
33120.0	2.0	12.07
33150.0	2.0	12.07
33180.0	2.0	12.08
33210.0	2.0	12.08
33240.0	2.0	12.08
33270.0	2.0	12.08
33300.0	2.0	12.08
33330.0	2.0	12.08
33360.0	2.0	12.08
33390.0	2.0	12.08
33420.0	2.0	12.08
33450.0	2.0	12.08
33480.0	2.0	12.08
33510.0	2.0	12.09
33540.0	2.0	12.08
33570.0	2.0	12.08
33600.0	2.0	12.08
33630.0	2.0	12.08
33660.0	2.0	12.09
33690.0	2.0	12.09
33720.0	2.0	12.09
33750.0	2.0	12.09
33780.0	2.0	12.09
33810.0	2.0	12.09
33840.0	2.0	12.09
33870.0	2.0	12.09
33900.0	2.0	12.09
33930.0	2.0	12.09
33960.0	2.0	12.09
33990.0	2.0	12.09
34020.0	2.0	12.09
34050.0	2.0	12.09
34080.0	3.0	12.09
34110.0	3.0	12.09
34140.0	3.0	12.09
34170.0	3.0	12.09
34200.0	3.0	12.09
34230.0	3.0	12.09
34260.0	3.0	12.09
34290.0	3.0	12.09
34320.0	3.0	12.09
34350.0	3.0	12.09
34380.0	3.0	12.09
34410.0	3.0	12.09
34440.0	3.0	12.09
34470.0	3.0	12.09
34500.0	3.0	12.09
34530.0	3.0	12.09
34560.0	3.0	12.09
34590.0	3.0	12.09
34620.0	3.0	12.09
34650.0	3.0	12.09
34680.0	3.0	12.09
34710.0	3.0	12.09
34740.0	3.0	12.09
34770.0	3.0	12.09
34800.0	3.0	12.09
34830.0	3.0	12.09
34860.0	3.0	12.09
34890.0	3.0	12.09
34920.0	3.0	12.09
34950.0	3.0	12.09
34980.0	3.0	12.09
35010.0	3.0	12.09
35040.0	3.0	12.09
35070.0	3.0	12.09
35100.0	3.0	12.09
35130.0	3.0	12.09
35160.0	4.0	12.09
35190.0	4.0	12.09
35220.0	4.0	12.09
35250.0	4.0	12.09
35280.0	4.0	12.09
35310.0	4.0	12.09
35340.0	4.0	12.09
35370.0	4.0	12.09
35400.0	4.0	12.09
35430.0	4.0	12.09
35460.0	4.0	12.09
35490.0	4.0	12.09
35520.0	4.0	12.09
35550.0	4.0	12.09
35580.0	4.0	12.09
35610.0	4.0	12.09
35640.0	4.0	12.09
35670.0	4.0	12.09
35700.0	4.0	12.09
35730.0	4.0	12.09
35760.0	4.0	12.09
35790.0	4.0	12.09
35820.0	4.0	12.09
35850.0	4.0	12.09
35880.0	4.0	12.09
35910.0	4.0	12.09
35940.0	4.0	12.09
35970.0	4.0	12.09
36000.0	4.0	12.09
36030.0	4.0	12.09
36060.0	4.0	12.09
36090.0	4.0	12.09
36120.0	4.0	12.09
36150.0	4.0	12.09
36180.0	4.0	12.09
36210.0	5.0	12.08
36240.0	5.0	12.09
36270.0	5.0	12.09
36300.0	5.0	12.09
36330.0	5.0	12.08
36360.0	5.0	12.08
36390.0	5.0	12.08
36420.0	5.0	12.08
36450.0	5.0	12.09
36480.0	5.0	12.08
36510.0	5.0	12.08
36540.0	5.0	12.08
36570.0	5.0	12.08
36600.0	5.0	12.07
36630.0	5.0	12.08
36660.0	5.0	12.08
36690.0	5.0	12.08
36720.0	5.0	12.08
36750.0	5.0	12.08
36780.0	5.0	12.08
36810.0	5.0	12.07
36840.0	5.0	12.07
36870.0	5.0	12.07
36900.0	5.0	12.07
36930.0	5.0	12.07
36960.0	5.0	12.07
36990.0	5.0	12.07
37020.0	5.0	12.07
37050.0	5.0	12.07
37080.0	5.0	12.07
37110.0	5.0	12.07
37140.0	5.0	12.07
37170.0	5.0	12.07
37200.0	5.0	12.07
37230.0	5.0	12.07
37260.0	5.0	12.07
37290.0	5.0	12.07
37320.0	5.0	12.07
37350.0	5.0	12.07
37380.0	5.0	12.07
37410.0	5.0	12.07
37440.0	5.0	12.07
37470.0	5.0	12.07
37500.0	5.0	12.07
37530.0	5.0	12.07
37560.0	5.0	12.07
37590.0	5.0	12.07
37620.0	5.0	12.07
37650.0	6.0	12.07
37680.0	6.0	12.07
37710.0	6.0	12.07
37740.0	6.0	12.07
37770.0	6.0	12.07
37800.0	6.0	12.07
37830.0	6.0	12.06
37860.0	6.0	12.06
37890.0	6.0	12.06
37920.0	6.0	12.06
37950.0	6.0	12.06
37980.0	6.0	12.06
38010.0	6.0	12.06
38040.0	6.0	12.06
38070.0	6.0	12.06
38100.0	6.0	12.06
38130.0	6.0	12.06
38160.0	6.0	12.06
38190.0	6.0	12.06
38220.0	6.0	12.06
38250.0	6.0	12.06
38280.0	6.0	12.06
38310.0	6.0	12.06
38340.0	6.0	12.06
38370.0	6.0	12.06
38400.0	6.0	12.06
38430.0	6.0	12.06
38460.0	6.0	12.06
38490.0	6.0	12.06
38520.0	6.0	12.06
38550.0	6.0	12.06
38580.0	6.0	12.06
38610.0	6.0	12.06
38640.0	6.0	12.06
38670.0	6.0	12.06
38700.0	6.0	12.05
38730.0	6.0	12.06
38760.0	6.0	12.05
38790.0	6.0	12.05
38820.0	6.0	12.05
38850.0	6.0	12.05
38880.0	6.0	12.05
38910.0	6.0	12.05
38940.0	6.0	12.05
38970.0	6.0	12.05
39000.0	6.0	12.05
39030.0	6.0	12.05
39060.0	6.0	12.05
39090.0	6.0	12.05
39120.0	6.0	12.05
39150.0	6.0	12.05
39180.0	6.0	12.05
39210.0	6.0	12.05
39240.0	6.0	12.05
39270.0	6.0	12.05
39300.0	6.0	12.05
39330.0	6.0	12.04
39360.0	6.0	12.04
39390.0	6.0	12.04
39420.0	6.0	12.04
39450.0	6.0	12.04
39480.0	6.0	12.04
39510.0	6.0	12.04
39540.0	6.0	12.04
39570.0	6.0	12.04
39600.0	6.0	12.04
39630.0	6.0	12.04
39660.0	7.0	12.04
39690.0	7.0	12.04
39720.0	7.0	12.04
39750.0	7.0	12.03
39780.0	7.0	12.03
39810.0	7.0	12.04
39840.0	7.0	12.03
39870.0	7.0	12.03
39900.0	7.0	12.03
39930.0	7.0	12.03
39960.0	7.0	12.03
39990.0	7.0	12.03
40020.0	7.0	12.03
40050.0	7.0	12.03
40080.0	7.0	12.03
40110.0	7.0	12.03
40140.0	7.0	12.03
40170.0	7.0	12.03
40200.0	7.0	12.03
40230.0	7.0	12.03
40260.0	7.0	12.03
40290.0	7.0	12.03
40320.0	7.0	12.02
40350.0	7.0	12.02
40380.0	7.0	12.02
40410.0	7.0	12.02
40440.0	7.0	12.02
40470.0	7.0	12.02
40500.0	7.0	12.02
40530.0	7.0	12.02
40560.0	7.0	12.02
40590.0	7.0	12.02
40620.0	7.0	12.02
40650.0	7.0	12.01
40680.0	7.0	12.01
40710.0	7.0	12.01
40740.0	7.0	12.01
40770.0	7.0	12.01
40800.0	7.0	12.01
40830.0	7.0	12.01
40860.0	7.0	12.01
40890.0	7.0	12.01
40920.0	7.0	12.01
40950.0	7.0	12.0
40980.0	7.0	12.0
41010.0	7.0	12.0
41040.0	7.0	12.0
41070.0	7.0	12.0
41100.0	7.0	12.0
41130.0	7.0	11.99
41160.0	7.0	11.99
41190.0	7.0	11.99
41220.0	7.0	11.99
41250.0	7.0	11.99
41280.0	7.0	11.99
41310.0	7.0	11.99
41340.0	7.0	11.99
41370.0	7.0	11.99
41400.0	7.0	11.99
41430.0	7.0	11.99
41460.0	7.0	11.99
41490.0	7.0	11.98
41520.0	7.0	11.98
41550.0	7.0	11.99
41580.0	7.0	11.98
41610.0	7.0	11.98
41640.0	7.0	11.98
41670.0	7.0	11.98
41700.0	7.0	11.98
41730.0	7.0	11.98
41760.0	7.0	11.97
41790.0	7.0	11.97
41820.0	7.0	11.98
41850.0	7.0	11.97
41880.0	7.0	11.97
41910.0	7.0	11.97
41940.0	7.0	11.97
41970.0	7.0	11.97
42000.0	7.0	11.97
42030.0	7.0	11.97
42060.0	7.0	11.97
42090.0	7.0	11.97
42120.0	7.0	11.97
42150.0	7.0	11.97
42180.0	7.0	11.97
42210.0	7.0	11.96
42240.0	7.0	11.96
42270.0	7.0	11.96
42300.0	7.0	11.96
42330.0	7.0	11.96
42360.0	7.0	11.96
42390.0	7.0	11.96
42420.0	7.0	11.96
42450.0	7.0	11.96
42480.0	7.0	11.95
42510.0	7.0	11.95
42540.0	7.0	11.95
42570.0	7.0	11.95
42600.0	7.0	11.95
42630.0	7.0	11.95
42660.0	7.0	11.95
42690.0	7.0	11.95
42720.0	7.0	11.95
42750.0	7.0	11.95
42780.0	7.0	11.95
42810.0	7.0	11.94
42840.0	7.0	11.94
42870.0	7.0	11.94
42900.0	7.0	11.94
42930.0	7.0	11.94
42960.0	7.0	11.94
42990.0	7.0	11.94
43020.0	7.0	11.94
43050.0	7.0	11.94
43080.0	7.0	11.94
43110.0	7.0	11.94
43140.0	7.0	11.94
43170.0	7.0	11.94
43200.0	7.0	11.94
43230.0	7.0	11.94
43260.0	7.0	11.94
43290.0	7.0	11.94
43320.0	7.0	11.94
43350.0	7.0	11.94
43380.0	7.0	11.93
43410.0	7.0	11.93
43440.0	7.0	11.93
43470.0	7.0	11.93
43500.0	7.0	11.93
43530.0	7.0	11.93
43560.0	7.0	11.93
43590.0	7.0	11.93
43620.0	7.0	11.93
43650.0	7.0	11.93
43680.0	7.0	11.92
43710.0	7.0	11.91
43740.0	7.0	11.91
43770.0	7.0	11.91
43800.0	7.0	11.91
43830.0	7.0	11.91
43860.0	7.0	11.91
43890.0	7.0	11.91
43920.0	7.0	11.91
43950.0	7.0	11.91
43980.0	7.0	11.91
44010.0	7.0	11.91
44040.0	7.0	11.9
44070.0	7.0	11.9
44100.0	7.0	11.9
44130.0	7.0	11.9
44160.0	7.0	11.9
44190.0	7.0	11.9
44220.0	7.0	11.9
44250.0	7.0	11.9
44280.0	7.0	11.9
44310.0	7.0	11.9
44340.0	7.0	11.9
44370.0	7.0	11.9
44400.0	7.0	11.9
44430.0	7.0	11.89
44460.0	7.0	11.9
44490.0	7.0	11.89
44520.0	7.0	11.9
44550.0	7.0	11.89
44580.0	7.0	11.89
44610.0	7.0	11.89
44640.0	7.0	11.89
44670.0	7.0	11.89
44700.0	7.0	11.89
44730.0	7.0	11.89
44760.0	7.0	11.89
44790.0	7.0	11.89
44820.0	7.0	11.89
44850.0	7.0	11.89
44880.0	7.0	11.89
44910.0	7.0	11.88
44940.0	7.0	11.88
44970.0	7.0	11.88
45000.0	7.0	11.88
45030.0	7.0	11.88
45060.0	7.0	11.88
45090.0	7.0	11.88
45120.0	7.0	11.88
45150.0	7.0	11.87
45180.0	7.0	11.87
45210.0	7.0	11.87
45240.0	7.0	11.87
45270.0	7.0	11.87
45300.0	7.0	11.87
45330.0	7.0	11.87
45360.0	7.0	11.87
45390.0	7.0	11.87
45420.0	7.0	11.87
45450.0	7.0	11.87
45480.0	7.0	11.87
45510.0	7.0	11.87
45540.0	7.0	11.87
45570.0	7.0	11.87
45600.0	7.0	11.86
45630.0	7.0	11.86
45660.0	7.0	11.86
45690.0	7.0	11.86
45720.0	7.0	11.86
45750.0	7.0	11.86
45780.0	7.0	11.86
45810.0	7.0	11.86
45840.0	7.0	11.86
45870.0	7.0	11.86
45900.0	7.0	11.86
45930.0	7.0	11.85
45960.0	7.0	11.85
45990.0	7.0	11.85
46020.0	7.0	11.85
46050.0	7.0	11.85
46080.0	7.0	11.85
46110.0	7.0	11.85
46140.0	7.0	11.85
46170.0	7.0	11.84
46200.0	7.0	11.84
46230.0	7.0	11.85
46260.0	7.0	11.85
46290.0	7.0	11.84
46320.0	7.0	11.84
46350.0	7.0	11.84
46380.0	7.0	11.84
46410.0	7.0	11.83
46440.0	7.0	11.83
46470.0	7.0	11.83
46500.0	7.0	11.83
46530.0	7.0	11.83
46560.0	7.0	11.83
46590.0	7.0	11.83
46620.0	7.0	11.83
46650.0	7.0	11.83
46680.0	7.0	11.82
46710.0	7.0	11.82
46740.0	7.0	11.82
46770.0	7.0	11.82
46800.0	7.0	11.82
46830.0	0.0	11.82
46860.0	0.0	11.82
46890.0	0.0	11.81
46920.0	0.0	11.82
46950.0	0.0	11.81
46980.0	0.0	11.81
47010.0	0.0	11.82
47040.0	0.0	11.82
47070.0	0.0	11.82
47100.0	0.0	11.82
47130.0	0.0	11.82
47160.0	0.0	11.81
47190.0	0.0	11.82
47220.0	0.0	11.82
47250.0	0.0	11.82
47280.0	0.0	11.81
47310.0	0.0	11.82
47340.0	0.0	11.81
47370.0	0.0	11.82
47400.0	0.0	11.82
47430.0	0.0	11.82
47460.0	0.0	11.82
47490.0	0.0	11.82
47520.0	0.0	11.82
47550.0	0.0	11.82
47580.0	0.0	11.82
47610.0	0.0	11.82
47640.0	0.0	11.82
47670.0	0.0	11.82
47700.0	0.0	11.82
47730.0	0.0	11.82
47760.0	0.0	11.83
47790.0	0.0	11.82
47820.0	0.0	11.83
47850.0	0.0	11.83
47880.0	0.0	11.83
47910.0	0.0	11.83
47940.0	0.0	11.83
47970.0	0.0	11.83
48000.0	0.0	11.84
48030.0	0.0	11.84
48060.0	0.0	11.84
48090.0	0.0	11.84
48120.0	0.0	11.84
48150.0	0.0	11.84
48180.0	0.0	11.85
48210.0	0.0	11.85
48240.0	0.0	11.85
48270.0	0.0	11.85
48300.0	0.0	11.85
48330.0	0.0	11.85
48360.0	0.0	11.85
48390.0	0.0	11.85
48420.0	0.0	11.85
48450.0	0.0	11.85
48480.0	0.0	11.85
48510.0	0.0	11.86
48540.0	0.0	11.86
48570.0	0.0	11.86
48600.0	0.0	11.86
48630.0	0.0	11.86
48660.0	0.0	11.86
48690.0	0.0	11.86
48720.0	0.0	11.86
48750.0	0.0	11.86
48780.0	0.0	11.86
48810.0	0.0	11.86
48840.0	0.0	11.86
48870.0	0.0	11.87
48900.0	0.0	11.87
48930.0	0.0	11.87
48960.0	0.0	11.87
48990.0	0.0	11.87
49020.0	0.0	11.87
49050.0	0.0	11.87
49080.0	0.0	11.87
49110.0	0.0	11.87
49140.0	0.0	11.87
49170.0	0.0	11.88
49200.0	0.0	11.88
49230.0	0.0	11.88
49260.0	0.0	11.88
49290.0	0.0	11.88
49320.0	0.0	11.88
49350.0	0.0	11.89
49380.0	0.0	11.89
49410.0	0.0	11.89
49440.0	0.0	11.89
49470.0	0.0	11.89
49500.0	0.0	11.89
49530.0	0.0	11.89
49560.0	0.0	11.89
49590.0	0.0	11.89
49620.0	0.0	11.89
49650.0	0.0	11.89
49680.0	0.0	11.89
49710.0	0.0	11.9
49740.0	0.0	11.9
49770.0	0.0	11.9
49800.0	0.0	11.9
49830.0	0.0	11.9
49860.0	0.0	11.9
49890.0	0.0	11.9
49920.0	0.0	11.9
49950.0	0.0	11.9
49980.0	0.0	11.9
50010.0	0.0	11.9
50040.0	0.0	11.9
50070.0	0.0	11.9
50100.0	0.0	11.9
50130.0	0.0	11.91
50160.0	0.0	11.91
50190.0	0.0	11.91
50220.0	0.0	11.91
50250.0	0.0	11.91
50280.0	0.0	11.91
50310.0	0.0	11.91
50340.0	0.0	11.91
50370.0	0.0	11.91
50400.0	0.0	11.91
50430.0	0.0	11.91
50460.0	0.0	11.92
50490.0	0.0	11.93
50520.0	0.0	11.93
50550.0	0.0	11.93
50580.0	0.0	11.93
50610.0	0.0	11.93
50640.0	0.0	11.93
50670.0	0.0	11.93
50700.0	0.0	11.93
50730.0	0.0	11.93
50760.0	0.0	11.93
50790.0	0.0	11.93
50820.0	0.0	11.93
50850.0	0.0	11.94
50880.0	0.0	11.94
50910.0	0.0	11.94
50940.0	0.0	11.94
50970.0	0.0	11.94
51000.0	0.0	11.94
51030.0	0.0	11.94
51060.0	0.0	11.94
51090.0	0.0	11.94
51120.0	0.0	11.94
51150.0	0.0	11.94
51180.0	0.0	11.94
51210.0	0.0	11.94
51240.0	0.0	11.95
51270.0	0.0	11.95
51300.0	0.0	11.95
51330.0	0.0	11.95
51360.0	0.0	11.95
51390.0	0.0	11.95
51420.0	0.0	11.95
51450.0	0.0	11.95
51480.0	0.0	11.95
51510.0	0.0	11.95
51540.0	0.0	11.96
51570.0	0.0	11.96
51600.0	0.0	11.96
51630.0	0.0	11.96
51660.0	0.0	11.96
51690.0	0.0	11.96
51720.0	0.0	11.96
51750.0	0.0	11.97
51780.0	0.0	11.97
51810.0	0.0	11.97
51840.0	0.0	11.97
51870.0	0.0	11.97
51900.0	0.0	11.97
51930.0	0.0	11.97
51960.0	0.0	11.97
51990.0	0.0	11.97
52020.0	0.0	11.97
52050.0	0.0	11.97
52080.0	0.0	11.97
52110.0	0.0	11.98
52140.0	0.0	11.98
52170.0	0.0	11.98
52200.0	0.0	11.98
52230.0	0.0	11.98
52260.0	0.0	11.98
52290.0	0.0	11.98
52320.0	0.0	11.98
52350.0	0.0	11.98
52380.0	0.0	11.98
52410.0	0.0	11.98
52440.0	0.0	11.98
52470.0	0.0	11.99
52500.0	0.0	11.99
52530.0	0.0	11.99
52560.0	0.0	11.99
52590.0	0.0	11.99
52620.0	0.0	11.99
52650.0	0.0	11.99
52680.0	0.0	11.99
52710.0	0.0	11.99
52740.0	0.0	11.99
52770.0	0.0	12.0
52800.0	0.0	11.99
52830.0	0.0	12.0
52860.0	0.0	12.0
52890.0	0.0	12.0
52920.0	0.0	12.0
52950.0	0.0	12.0
52980.0	0.0	12.01
53010.0	0.0	12.01
53040.0	0.0	12.01
53070.0	0.0	12.01
53100.0	0.0	12.01
53130.0	0.0	12.01
53160.0	0.0	12.01
53190.0	0.0	12.01
53220.0	0.0	12.02
53250.0	0.0	12.02
53280.0	0.0	12.02
53310.0	0.0	12.02
53340.0	0.0	12.02
53370.0	0.0	12.02
53400.0	0.0	12.02
53430.0	0.0	12.02
53460.0	0.0	12.02
53490.0	0.0	12.02
53520.0	0.0	12.03
53550.0	0.0	12.03
53580.0	0.0	12.03
53610.0	0.0	12.03
53640.0	0.0	12.03
53670.0	0.0	12.03
53700.0	0.0	12.03
53730.0	0.0	12.03
53760.0	0.0	12.03
53790.0	0.0	12.03
53820.0	0.0	12.03
53850.0	0.0	12.03
53880.0	0.0	12.04
53910.0	0.0	12.04
53940.0	1.0	12.04
53970.0	0.0	12.04
54000.0	0.0	12.04
54030.0	0.0	12.04
54060.0	0.0	12.05
54090.0	0.0	12.05
54120.0	1.0	12.05
54150.0	1.0	12.05
54180.0	1.0	12.05
54210.0	1.0	12.05
54240.0	1.0	12.05
54270.0	1.0	12.05
54300.0	1.0	12.05
54330.0	1.0	12.05
54360.0	1.0	12.05
54390.0	1.0	12.05
54420.0	1.0	12.05
54450.0	1.0	12.06
54480.0	1.0	12.06
54510.0	1.0	12.06
54540.0	1.0	12.06
54570.0	1.0	12.06
54600.0	1.0	12.06
54630.0	1.0	12.06
54660.0	1.0	12.06
54690.0	1.0	12.06
54720.0	1.0	12.06
54750.0	1.0	12.06
54780.0	1.0	12.06
54810.0	1.0	12.06
54840.0	1.0	12.06
54870.0	1.0	12.06
54900.0	1.0	12.06
54930.0	1.0	12.07
54960.0	1.0	12.07
54990.0	1.0	12.07
55020.0	1.0	12.07
55050.0	1.0	12.07
55080.0	1.0	12.07
55110.0	1.0	12.07
55140.0	1.0	12.07
55170.0	1.0	12.07
55200.0	1.0	12.07
55230.0	1.0	12.07
55260.0	1.0	12.07
55290.0	1.0	12.07
55320.0	1.0	12.07
55350.0	1.0	12.07
55380.0	1.0	12.07
55410.0	1.0	12.07
55440.0	1.0	12.07
55470.0	2.0	12.07
55500.0	2.0	12.08
55530.0	2.0	12.08
55560.0	2.0	12.08
55590.0	2.0	12.08
55620.0	2.0	12.08
55650.0	2.0	12.08
55680.0	2.0	12.08
55710.0	2.0	12.08
55740.0	2.0	12.08
55770.0	2.0	12.08
55800.0	2.0	12.08
55830.0	2.0	12.08
55860.0	2.0	12.08
55890.0	2.0	12.09
55920.0	2.0	12.09
55950.0	2.0	12.09
55980.0	2.0	12.09
56010.0	2.0	12.09
56040.0	2.0	12.09
56070.0	2.0	12.09
56100.0	2.0	12.09
56130.0	2.0	12.09
56160.0	2.0	12.09
56190.0	2.0	12.09
56220.0	2.0	12.09
56250.0	2.0	12.09
56280.0	2.0	12.09
56310.0	2.0	12.09
56340.0	2.0	12.09
56370.0	2.0	12.09
56400.0	2.0	12.09
56430.0	2.0	12.09
56460.0	2.0	12.09
56490.0	3.0	12.09
56520.0	3.0	12.09
56550.0	3.0	12.09
56580.0	3.0	12.1
56610.0	3.0	12.09
56640.0	3.0	12.09
56670.0	3.0	12.09
56700.0	3.0	12.1
56730.0	3.0	12.09
56760.0	3.0	12.1
56790.0	3.0	12.1
56820.0	3.0	12.1
56850.0	3.0	12.1
56880.0	3.0	12.1
56910.0	3.0	12.1
56940.0	3.0	12.1
56970.0	3.0	12.1
57000.0	3.0	12.1
57030.0	3.0	12.1
57060.0	3.0	12.1
57090.0	3.0	12.09
57120.0	3.0	12.1
57150.0	3.0	12.1
57180.0	3.0	12.09
57210.0	3.0	12.09
57240.0	3.0	12.1
57270.0	3.0	12.1
57300.0	3.0	12.09
57330.0	3.0	12.09
57360.0	3.0	12.09
57390.0	3.0	12.09
57420.0	3.0	12.09
57450.0	3.0	12.09
57480.0	4.0	12.09
57510.0	4.0	12.09
57540.0	4.0	12.09
57570.0	4.0	12.09
57600.0	4.0	12.09
57630.0	4.0	12.09
57660.0	4.0	12.09
57690.0	4.0	12.09
57720.0	4.0	12.09
57750.0	4.0	12.09
57780.0	4.0	12.09
57810.0	4.0	12.09
57840.0	4.0	12.09
57870.0	4.0	12.09
57900.0	4.0	12.09
57930.0	4.0	12.09
57960.0	4.0	12.09
57990.0	4.0	12.09
58020.0	4.0	12.09
58050.0	4.0	12.09
58080.0	4.0	12.08
58110.0	4.0	12.09
58140.0	4.0	12.09
58170.0	4.0	12.09
58200.0	4.0	12.09
58230.0	4.0	12.09
58260.0	4.0	12.09
58290.0	4.0	12.09
58320.0	4.0	12.09
58350.0	4.0	12.09
58380.0	4.0	12.09
58410.0	4.0	12.09
58440.0	4.0	12.09
58470.0	4.0	12.09
58500.0	4.0	12.09
58530.0	4.0	12.09
58560.0	5.0	12.09
58590.0	5.0	12.09
58620.0	5.0	12.09
58650.0	5.0	12.09
58680.0	5.0	12.09
58710.0	5.0	12.09
58740.0	5.0	12.09
58770.0	5.0	12.09
58800.0	5.0	12.09
58830.0	5.0	12.09
58860.0	5.0	12.09
58890.0	5.0	12.09
58920.0	5.0	12.09
58950.0	5.0	12.09
58980.0	5.0	12.09
59010.0	5.0	12.09
59040.0	5.0	12.08
59070.0	5.0	12.08
59100.0	5.0	12.09
59130.0	5.0	12.09
59160.0	5.0	12.09
59190.0	5.0	12.09
59220.0	5.0	12.08
59250.0	5.0	12.09
59280.0	5.0	12.09
59310.0	5.0	12.09
59340.0	5.0	12.09
59370.0	5.0	12.08
59400.0	5.0	12.09
59430.0	5.0	12.09
59460.0	5.0	12.09
59490.0	5.0	12.09
59520.0	5.0	12.09
59550.0	5.0	12.09
59580.0	5.0	12.08
59610.0	5.0	12.08
59640.0	6.0	12.08
59670.0	6.0	12.09
59700.0	6.0	12.09
59730.0	6.0	12.08
59760.0	6.0	12.08
59790.0	6.0	12.08
59820.0	6.0	12.08
59850.0	6.0	12.08
59880.0	6.0	12.08
59910.0	6.0	12.08
59940.0	6.0	12.08
59970.0	6.0	12.08
60000.0	6.0	12.07
60030.0	6.0	12.07
60060.0	6.0	12.07
60090.0	6.0	12.07
60120.0	6.0	12.07
60150.0	6.0	12.07
60180.0	6.0	12.07
60210.0	6.0	12.07
60240.0	6.0	12.07
60270.0	6.0	12.07
60300.0	6.0	12.07
60330.0	6.0	12.07
60360.0	6.0	12.07
60390.0	6.0	12.07
60420.0	6.0	12.07
60450.0	6.0	12.07
60480.0	6.0	12.07
60510.0	6.0	12.07
60540.0	6.0	12.07
60570.0	6.0	12.07
60600.0	6.0	12.07
60630.0	6.0	12.07
60660.0	6.0	12.07
60690.0	6.0	12.07
60720.0	6.0	12.07
60750.0	6.0	12.07
60780.0	6.0	12.07
60810.0	6.0	12.07
60840.0	6.0	12.06
60870.0	6.0	12.07
60900.0	6.0	12.06
60930.0	6.0	12.06
60960.0	6.0	12.06
60990.0	6.0	12.06
61020.0	6.0	12.06
61050.0	6.0	12.06
61080.0	6.0	12.06
61110.0	6.0	12.06
61140.0	6.0	12.06
61170.0	6.0	12.06
61200.0	6.0	12.06
61230.0	7.0	12.06
61260.0	7.0	12.06
61290.0	7.0	12.05
61320.0	7.0	12.05
61350.0	7.0	12.05
61380.0	7.0	12.05
61410.0	7.0	12.05
61440.0	7.0	12.05
61470.0	7.0	12.05
61500.0	7.0	12.05
61530.0	7.0	12.05
61560.0	7.0	12.05
61590.0	7.0	12.05
61620.0	7.0	12.05
61650.0	7.0	12.05
61680.0	7.0	12.03
61710.0	7.0	12.04
61740.0	7.0	12.04
61770.0	7.0	12.04
61800.0	7.0	12.05
61830.0	7.0	12.04
61860.0	7.0	12.05
61890.0	7.0	12.04
61920.0	7.0	12.04
61950.0	7.0	12.04
61980.0	7.0	12.04
62010.0	7.0	12.04
62040.0	7.0	12.04
62070.0	7.0	12.04
62100.0	7.0	12.04
62130.0	7.0	12.04
62160.0	7.0	12.03
62190.0	7.0	12.03
62220.0	7.0	12.03
62250.0	7.0	12.03
62280.0	7.0	12.03
62310.0	7.0	12.03
62340.0	7.0	12.03
62370.0	7.0	12.03
62400.0	7.0	12.03
62430.0	7.0	12.03
62460.0	7.0	12.03
62490.0	7.0	12.02
62520.0	7.0	12.02
62550.0	7.0	12.02
62580.0	7.0	12.02
62610.0	7.0	12.02
62640.0	7.0	12.02
62670.0	7.0	12.02
62700.0	7.0	12.02
62730.0	7.0	12.02
62760.0	7.0	12.02
62790.0	7.0	12.02
62820.0	7.0	12.02
62850.0	7.0	12.02
62880.0	7.0	12.01
62910.0	7.0	12.02
62940.0	7.0	12.01
62970.0	7.0	12.01
63000.0	7.0	12.01
63030.0	7.0	12.01
63060.0	7.0	12.01
63090.0	7.0	12.01
63120.0	7.0	12.0
63150.0	7.0	12.0
63180.0	7.0	12.0
63210.0	7.0	12.0
63240.0	7.0	12.0
63270.0	7.0	12.0
63300.0	7.0	12.0
63330.0	7.0	11.99
63360.0	7.0	12.0
63390.0	7.0	11.99
63420.0	7.0	11.99
63450.0	7.0	11.99
63480.0	7.0	11.99
63510.0	7.0	11.98
63540.0	7.0	11.99
63570.0	7.0	11.99
63600.0	7.0	11.99
63630.0	7.0	11.99
63660.0	7.0	11.98
63690.0	7.0	11.98
63720.0	7.0	11.98
63750.0	7.0	11.98
63780.0	7.0	11.98
63810.0	7.0	11.98
63840.0	7.0	11.98
63870.0	7.0	11.98
63900.0	7.0	11.98
63930.0	7.0	11.98
63960.0	7.0	11.98
63990.0	7.0	11.98
64020.0	7.0	11.98
64050.0	7.0	11.98
64080.0	7.0	11.98
64110.0	7.0	11.98
64140.0	7.0	11.97
64170.0	7.0	11.98
64200.0	7.0	11.97
64230.0	7.0	11.97
64260.0	7.0	11.97
64290.0	7.0	11.97
64320.0	7.0	11.97
64350.0	7.0	11.97
64380.0	7.0	11.97
64410.0	7.0	11.97
64440.0	7.0	11.97
64470.0	7.0	11.96
64500.0	7.0	11.96
64530.0	7.0	11.97
64560.0	7.0	11.97
64590.0	7.0	11.97
64620.0	7.0	11.97
64650.0	7.0	11.97
64680.0	7.0	11.96
64710.0	7.0	11.96
64740.0	7.0	11.96
64770.0	7.0	11.96
64800.0	7.0	11.96
64830.0	7.0	11.95
64860.0	7.0	11.96
64890.0	7.0	11.96
64920.0	7.0	11.96
64950.0	7.0	11.96
64980.0	7.0	11.95
65010.0	7.0	11.95
65040.0	7.0	11.95
65070.0	7.0	11.95
65100.0	7.0	11.95
65130.0	7.0	11.95
65160.0	7.0	11.95
65190.0	7.0	11.95
65220.0	7.0	11.95
65250.0	7.0	11.95
65280.0	7.0	11.95
65310.0	7.0	11.95
65340.0	7.0	11.95
65370.0	7.0	11.95
65400.0	7.0	11.95
65430.0	7.0	11.95
65460.0	7.0	11.94
65490.0	7.0	11.95
65520.0	7.0	11.94
65550.0	7.0	11.94
65580.0	7.0	11.94
65610.0	7.0	11.94
65640.0	7.0	11.94
65670.0	7.0	11.94
65700.0	7.0	11.94
65730.0	7.0	11.94
65760.0	7.0	11.94
65790.0	7.0	11.93
65820.0	7.0	11.93
65850.0	7.0	11.93
65880.0	7.0	11.93
65910.0	7.0	11.93
65940.0	7.0	11.93
65970.0	7.0	11.92
66000.0	7.0	11.92
66030.0	7.0	11.92
66060.0	7.0	11.92
66090.0	7.0	11.92
66120.0	7.0	11.93
66150.0	7.0	11.92
66180.0	7.0	11.92
66210.0	7.0	11.92
66240.0	7.0	11.92
66270.0	7.0	11.91
66300.0	7.0	11.91
66330.0	7.0	11.91
66360.0	7.0	11.91
66390.0	7.0	11.91
66420.0	7.0	11.91
66450.0	7.0	11.91
66480.0	7.0	11.91
66510.0	7.0	11.91
66540.0	7.0	11.91
66570.0	7.0	11.91
66600.0	7.0	11.91
66630.0	7.0	11.91
66660.0	7.0	11.9
66690.0	7.0	11.9
66720.0	7.0	11.9
66750.0	7.0	11.9
66780.0	7.0	11.9
66810.0	7.0	11.9
66840.0	7.0	11.9
66870.0	7.0	11.9
66900.0	7.0	11.9
66930.0	7.0	11.89
66960.0	7.0	11.89
66990.0	7.0	11.89
67020.0	7.0	11.89
67050.0	7.0	11.89
67080.0	7.0	11.89
67110.0	7.0	11.89
67140.0	7.0	11.89
67170.0	7.0	11.89
67200.0	7.0	11.89
67230.0	7.0	11.89
67260.0	7.0	11.89
67290.0	7.0	11.89
67320.0	7.0	11.88
67350.0	7.0	11.88
67380.0	7.0	11.88
67410.0	7.0	11.88
67440.0	7.0	11.88
67470.0	7.0	11.87
67500.0	7.0	11.87
67530.0	7.0	11.87
67560.0	7.0	11.87
67590.0	7.0	11.87
67620.0	7.0	11.87
67650.0	7.0	11.87
67680.0	7.0	11.87
67710.0	7.0	11.87
67740.0	7.0	11.87
67770.0	7.0	11.87
67800.0	7.0	11.87
67830.0	7.0	11.86
67860.0	7.0	11.86
67890.0	7.0	11.86
67920.0	7.0	11.86
67950.0	7.0	11.86
67980.0	7.0	11.86
68010.0	7.0	11.85
68040.0	7.0	11.85
68070.0	7.0	11.85
68100.0	7.0	11.85
68130.0	7.0	11.85
68160.0	7.0	11.85
68190.0	7.0	11.85
68220.0	7.0	11.85
68250.0	7.0	11.85
68280.0	7.0	11.85
68310.0	7.0	11.85
68340.0	7.0	11.84
68370.0	7.0	11.83
68400.0	7.0	11.84
68430.0	7.0	11.84
68460.0	7.0	11.84
68490.0	7.0	11.83
68520.0	7.0	11.83
68550.0	7.0	11.83
68580.0	7.0	11.83
68610.0	7.0	11.83
68640.0	7.0	11.83
68670.0	7.0	11.83
68700.0	7.0	11.82
68730.0	7.0	11.82
68760.0	7.0	11.82
68790.0	7.0	11.82
68820.0	7.0	11.82
68850.0	7.0	11.82
68880.0	7.0	11.82
68910.0	7.0	11.82
68940.0	7.0	11.82
68970.0	7.0	11.82
69000.0	7.0	11.82
69030.0	7.0	11.82
69060.0	7.0	11.81
69090.0	7.0	11.81
69120.0	7.0	11.81
69150.0	7.0	11.81
69180.0	7.0	11.81
69210.0	7.0	11.8
69240.0	7.0	11.81
69270.0	0.0	11.81
69300.0	0.0	11.8
69330.0	0.0	11.8
69360.0	0.0	11.8
69390.0	0.0	11.79
69420.0	0.0	11.79
69450.0	0.0	11.8
69480.0	0.0	11.8
69510.0	0.0	11.8
69540.0	0.0	11.8
69570.0	0.0	11.8
69600.0	0.0	11.8
69630.0	0.0	11.8
69660.0	0.0	11.8
69690.0	0.0	11.79
69720.0	0.0	11.8
69750.0	0.0	11.8
69780.0	0.0	11.8
69810.0	0.0	11.8
69840.0	0.0	11.8
69870.0	0.0	11.8
69900.0	0.0	11.8
69930.0	0.0	11.81
69960.0	0.0	11.81
69990.0	0.0	11.81
70020.0	0.0	11.81
70050.0	0.0	11.81
70080.0	0.0	11.81
70110.0	0.0	11.81
70140.0	0.0	11.81
70170.0	0.0	11.81
70200.0	0.0	11.81
70230.0	0.0	11.81
70260.0	0.0	11.81
70290.0	0.0	11.81
70320.0	0.0	11.81
70350.0	0.0	11.82
70380.0	0.0	11.82
70410.0	0.0	11.82
70440.0	0.0	11.82
70470.0	0.0	11.82
70500.0	0.0	11.82
70530.0	0.0	11.82
70560.0	0.0	11.82
70590.0	0.0	11.82
70620.0	0.0	11.82
70650.0	0.0	11.82
70680.0	0.0	11.82
70710.0	0.0	11.82
70740.0	0.0	11.83
70770.0	0.0	11.83
70800.0	0.0	11.83
70830.0	0.0	11.83
70860.0	0.0	11.83
70890.0	0.0	11.83
70920.0	0.0	11.84
70950.0	0.0	11.84
70980.0	0.0	11.84
71010.0	0.0	11.84
71040.0	0.0	11.85
71070.0	0.0	11.85
71100.0	0.0	11.85
71130.0	0.0	11.85
71160.0	0.0	11.85
71190.0	0.0	11.85
71220.0	0.0	11.85
71250.0	0.0	11.85
71280.0	0.0	11.85
71310.0	0.0	11.85
71340.0	0.0	11.85
71370.0	0.0	11.85
71400.0	0.0	11.86
71430.0	0.0	11.86
71460.0	0.0	11.86
71490.0	0.0	11.86
71520.0	0.0	11.86
71550.0	0.0	11.86
71580.0	0.0	11.86
71610.0	0.0	11.86
71640.0	0.0	11.86
71670.0	0.0	11.87
71700.0	0.0	11.87
71730.0	0.0	11.87
71760.0	0.0	11.87
71790.0	0.0	11.87
71820.0	0.0	11.87
71850.0	0.0	11.87
71880.0	0.0	11.87
71910.0	0.0	11.87
71940.0	0.0	11.87
71970.0	0.0	11.87
72000.0	0.0	11.87
72030.0	0.0	11.87
72060.0	0.0	11.88
72090.0	0.0	11.88
72120.0	0.0	11.88
72150.0	0.0	11.88
72180.0	0.0	11.88
72210.0	0.0	11.89
72240.0	0.0	11.89
72270.0	0.0	11.89
72300.0	0.0	11.89
72330.0	0.0	11.89
72360.0	0.0	11.89
72390.0	0.0	11.89
72420.0	0.0	11.89
72450.0	0.0	11.89
72480.0	0.0	11.89
72510.0	0.0	11.89
72540.0	0.0	11.89
72570.0	0.0	11.9
72600.0	0.0	11.9
72630.0	0.0	11.9
72660.0	0.0	11.9
72690.0	0.0	11.9
72720.0	0.0	11.9
72750.0	0.0	11.9
72780.0	0.0	11.9
72810.0	0.0	11.9
72840.0	0.0	11.9
72870.0	0.0	11.9
72900.0	0.0	11.9
72930.0	0.0	11.91
72960.0	0.0	11.91
72990.0	0.0	11.91
73020.0	0.0	11.91
73050.0	0.0	11.91
73080.0	0.0	11.91
73110.0	0.0	11.91
73140.0	0.0	11.91
73170.0	0.0	11.91
73200.0	0.0	11.91
73230.0	0.0	11.92
73260.0	0.0	11.92
73290.0	0.0	11.92
73320.0	0.0	11.92
73350.0	0.0	11.93
73380.0	0.0	11.93
73410.0	0.0	11.93
73440.0	0.0	11.93
73470.0	0.0	11.93
73500.0	0.0	11.93
73530.0	0.0	11.93
73560.0	0.0	11.93
73590.0	0.0	11.93
73620.0	0.0	11.94
73650.0	0.0	11.94
73680.0	0.0	11.94
73710.0	0.0	11.94
73740.0	0.0	11.94
73770.0	0.0	11.94
73800.0	0.0	11.94
73830.0	0.0	11.94
73860.0	0.0	11.94
73890.0	0.0	11.94
73920.0	0.0	11.94
73950.0	0.0	11.94
73980.0	0.0	11.94
74010.0	0.0	11.94
74040.0	0.0	11.95
74070.0	0.0	11.95
74100.0	0.0	11.95
74130.0	0.0	11.95
74160.0	0.0	11.95
74190.0	0.0	11.95
74220.0	0.0	11.95
74250.0	0.0	11.95
74280.0	0.0	11.95
74310.0	0.0	11.96
74340.0	0.0	11.96
74370.0	0.0	11.96
74400.0	0.0	11.96
74430.0	0.0	11.96
74460.0	0.0	11.96
74490.0	0.0	11.96
74520.0	0.0	11.96
74550.0	0.0	11.97
74580.0	0.0	11.97
74610.0	0.0	11.97
74640.0	0.0	11.97
74670.0	0.0	11.97
74700.0	0.0	11.97
74730.0	0.0	11.97
74760.0	0.0	11.97
74790.0	0.0	11.97
74820.0	0.0	11.97
74850.0	0.0	11.97
74880.0	0.0	11.97
74910.0	0.0	11.98
74940.0	0.0	11.98
74970.0	0.0	11.98
75000.0	0.0	11.98
75030.0	0.0	11.98
75060.0	0.0	11.98
75090.0	0.0	11.98
75120.0	0.0	11.98
75150.0	0.0	11.98
75180.0	0.0	11.98
75210.0	0.0	11.98
75240.0	0.0	11.99
75270.0	0.0	11.99
75300.0	0.0	11.99
75330.0	0.0	11.99
75360.0	0.0	11.99
75390.0	0.0	11.99
75420.0	0.0	11.99
75450.0	0.0	11.99
75480.0	0.0	11.99
75510.0	0.0	11.99
75540.0	0.0	11.99
75570.0	0.0	12.0
75600.0	0.0	12.0
75630.0	0.0	12.0
75660.0	0.0	12.0
75690.0	0.0	12.0
75720.0	0.0	12.0
75750.0	0.0	12.01
75780.0	0.0	12.0
75810.0	0.0	12.01
75840.0	0.0	12.01
75870.0	0.0	12.01
75900.0	0.0	12.02
75930.0	0.0	12.02
75960.0	0.0	12.02
75990.0	0.0	12.02
76020.0	0.0	12.02
76050.0	0.0	12.02
76080.0	0.0	12.02
76110.0	0.0	12.02
76140.0	0.0	12.02
76170.0	0.0	12.02
76200.0	0.0	12.02
76230.0	0.0	12.02
76260.0	1.0	12.03
76290.0	1.0	12.03
76320.0	1.0	12.03
76350.0	1.0	12.03
76380.0	1.0	12.03
76410.0	1.0	12.03
76440.0	1.0	12.03
76470.0	1.0	12.03
76500.0	1.0	12.03
76530.0	1.0	12.03
76560.0	1.0	12.03
76590.0	1.0	12.03
76620.0	1.0	12.03
76650.0	1.0	12.03
76680.0	1.0	12.03
76710.0	1.0	12.04
76740.0	1.0	12.04
76770.0	1.0	12.04
76800.0	1.0	12.04
76830.0	1.0	12.04
76860.0	1.0	12.04
76890.0	1.0	12.04
76920.0	1.0	12.05
76950.0	1.0	12.05
76980.0	1.0	12.05
77010.0	1.0	12.05
77040.0	1.0	12.05
77070.0	1.0	12.05
77100.0	1.0	12.05
77130.0	1.0	12.05
77160.0	1.0	12.05
78015.0	2.0	12.07
78045.0	2.0	12.06
78075.0	2.0	12.06
78105.0	2.0	12.07
78135.0	2.0	12.07
78165.0	2.0	12.07
78195.0	2.0	12.07
78225.0	2.0	12.07
78255.0	2.0	12.07
78285.0	2.0	12.07
78315.0	2.0	12.07
78345.0	2.0	12.07
78375.0	2.0	12.07
78405.0	2.0	12.07
78435.0	2.0	12.07
78465.0	2.0	12.07
78495.0	2.0	12.07
78525.0	2.0	12.07
78555.0	2.0	12.07
78585.0	2.0	12.07
78615.0	2.0	12.07
78645.0	2.0	12.07
78675.0	2.0	12.08
78705.0	2.0	12.08
78735.0	2.0	12.08
78765.0	2.0	12.08
78795.0	2.0	12.08
78825.0	2.0	12.08
78855.0	2.0	12.08
78885.0	2.0	12.08
78915.0	2.0	12.08
78945.0	2.0	12.08
78975.0	2.0	12.08
79005.0	2.0	12.08
79035.0	2.0	12.08
79065.0	2.0	12.08
79095.0	2.0	12.08
79125.0	2.0	12.09
79155.0	2.0	12.09
79185.0	3.0	12.09
79215.0	3.0	12.09
79245.0	3.0	12.09
79275.0	3.0	12.09
79305.0	3.0	12.09
79335.0	3.0	12.09
79365.0	3.0	12.09
79395.0	3.0	12.09
79425.0	3.0	12.09
79455.0	3.0	12.09
79485.0	3.0	12.09
79515.0	3.0	12.09
79545.0	3.0	12.09
79575.0	3.0	12.09
79605.0	3.0	12.09
79635.0	3.0	12.09
79665.0	3.0	12.09
79695.0	3.0	12.09
79725.0	3.0	12.09
79755.0	3.0	12.09
79785.0	3.0	12.09
79815.0	3.0	12.09
79845.0	3.0	12.09
79875.0	3.0	12.09
79905.0	3.0	12.09
79935.0	3.0	12.09
79965.0	3.0	12.09
79995.0	3.0	12.09
80025.0	3.0	12.09
80055.0	3.0	12.09
80085.0	3.0	12.09
80115.0	3.0	12.09
80145.0	3.0	12.09
80175.0	3.0	12.09
80205.0	4.0	12.09
80235.0	4.0	12.09
80265.0	4.0	12.09
80295.0	4.0	12.09
80325.0	4.0	12.1
80355.0	4.0	12.09
80385.0	4.0	12.1
80415.0	4.0	12.1
80445.0	4.0	12.1
80475.0	4.0	12.1
80505.0	4.0	12.1
80535.0	4.0	12.1
80565.0	4.0	12.1
80595.0	4.0	12.1
80625.0	4.0	12.1
80655.0	4.0	12.1
80685.0	4.0	12.1
80715.0	4.0	12.1
80745.0	4.0	12.1
80775.0	4.0	12.1
80805.0	4.0	12.09
80835.0	4.0	12.1
80865.0	4.0	12.1
80895.0	4.0	12.1
80925.0	4.0	12.1
80955.0	4.0	12.1
80985.0	4.0	12.1
81015.0	4.0	12.1
81045.0	4.0	12.1
81075.0	4.0	12.1
81105.0	4.0	12.1
81135.0	4.0	12.1
81165.0	5.0	12.1
81195.0	5.0	12.1
81225.0	5.0	12.1
81255.0	5.0	12.1
81285.0	5.0	12.1
81315.0	5.0	12.1
81345.0	5.0	12.1
81375.0	5.0	12.1
81405.0	5.0	12.11
81435.0	5.0	12.11
81465.0	5.0	12.1
81495.0	5.0	12.1
81525.0	5.0	12.1
81555.0	5.0	12.1
81585.0	5.0	12.1
81615.0	5.0	12.11
81645.0	5.0	12.1
81675.0	5.0	12.11
81705.0	5.0	12.11
81735.0	5.0	12.11
81765.0	5.0	12.11
81795.0	5.0	12.1
81825.0	5.0	12.11
81855.0	5.0	12.11
81885.0	5.0	12.1
81915.0	5.0	12.1
81945.0	5.0	12.11
81975.0	6.0	12.11
82005.0	6.0	12.11
82035.0	6.0	12.11
82065.0	6.0	12.11
82095.0	6.0	12.11
82125.0	6.0	12.11
82155.0	6.0	12.11
82185.0	6.0	12.11
82215.0	6.0	12.11
82245.0	6.0	12.11
82275.0	6.0	12.11
82305.0	6.0	12.11
82335.0	6.0	12.11
82365.0	6.0	12.11
82395.0	6.0	12.11
82425.0	6.0	12.11
82455.0	6.0	12.11
82485.0	6.0	12.11
82515.0	6.0	12.11
82545.0	6.0	12.11
82575.0	6.0	12.11
82605.0	6.0	12.11
82635.0	6.0	12.11
82665.0	6.0	12.11
82695.0	6.0	12.11
82725.0	6.0	12.11
82755.0	6.0	12.11
82785.0	6.0	12.11
82815.0	6.0	12.11
82845.0	6.0	12.11
82875.0	6.0	12.11
82905.0	7.0	12.11
82935.0	7.0	12.11
82965.0	7.0	12.11
82995.0	7.0	12.11
83025.0	7.0	12.11
83055.0	7.0	12.11
83085.0	7.0	12.11
83115.0	7.0	12.11
83145.0	7.0	12.11
83175.0	7.0	12.11
83205.0	7.0	12.11
83235.0	7.0	12.11
83265.0	7.0	12.11
83295.0	7.0	12.11
83325.0	7.0	12.11
83355.0	7.0	12.11
83385.0	7.0	12.11
83415.0	7.0	12.11
83445.0	7.0	12.1
83475.0	7.0	12.1
83505.0	7.0	12.1
83535.0	7.0	12.1
83565.0	7.0	12.1
83595.0	7.0	12.1
83625.0	7.0	12.1
83655.0	7.0	12.09
83685.0	7.0	12.09
83715.0	7.0	12.09
83745.0	7.0	12.09
83775.0	7.0	12.09
83805.0	7.0	12.09
83835.0	7.0	12.09
83865.0	7.0	12.09
83895.0	8.0	12.09
83925.0	8.0	12.09
83955.0	8.0	12.09
83985.0	8.0	12.09
84015.0	8.0	12.09
84045.0	8.0	12.09
84075.0	8.0	12.09
84105.0	8.0	12.09
84135.0	8.0	12.09
84165.0	8.0	12.09
84195.0	8.0	12.09
84225.0	8.0	12.09
84255.0	8.0	12.09
84285.0	8.0	12.09
84315.0	8.0	12.09
84345.0	8.0	12.09
84375.0	8.0	12.09
84405.0	8.0	12.09
84435.0	8.0	12.09
84465.0	8.0	12.09
84495.0	8.0	12.09
84525.0	8.0	12.09
84555.0	8.0	12.09
84585.0	8.0	12.08
84615.0	8.0	12.08
84645.0	8.0	12.08
84675.0	8.0	12.09
84705.0	8.0	12.08
84735.0	8.0	12.08
84765.0	8.0	12.08
84795.0	8.0	12.08
84825.0	8.0	12.08
84855.0	8.0	12.08
84885.0	8.0	12.08
84915.0	8.0	12.08
84945.0	8.0	12.08
84975.0	8.0	12.08
85005.0	8.0	12.08
85035.0	8.0	12.08
85065.0	8.0	12.08
85095.0	8.0	12.07
85125.0	9.0	12.08
85155.0	9.0	12.08
85185.0	9.0	12.07
85215.0	9.0	12.07
85245.0	9.0	12.08
85275.0	9.0	12.07
85305.0	9.0	12.08
85335.0	9.0	12.08
85365.0	9.0	12.08
85395.0	9.0	12.08
85425.0	9.0	12.07
85455.0	9.0	12.07
85485.0	9.0	12.07
85515.0	9.0	12.07
85545.0	9.0	12.07
85575.0	9.0	12.07
85605.0	9.0	12.07
85635.0	9.0	12.07
85665.0	9.0	12.07
85695.0	9.0	12.07
85725.0	9.0	12.07
85755.0	9.0	12.07
85785.0	9.0	12.07
85815.0	9.0	12.06
85845.0	9.0	12.06
85875.0	9.0	12.06
85905.0	9.0	12.06
85935.0	9.0	12.06
85965.0	9.0	12.06
85995.0	9.0	12.06
86025.0	9.0	12.06
86055.0	9.0	12.06
86085.0	9.0	12.06
86115.0	9.0	12.06
86145.0	9.0	12.06
86175.0	9.0	12.05
86205.0	9.0	12.06
86235.0	9.0	12.05
86265.0	9.0	12.05
86295.0	9.0	12.06
86325.0	9.0	12.05
86355.0	9.0	12.05
